0 0 0 0 0 0
0 1 0 0 0 1
0 0 0 0 0 1
0 0 0 0 0 0
1 2 0 1 0 0
0 0 0 0 0 2
2 0 0 0 0 5
0 0 0 0 0 0
1 2 0 1 0 0
0 0 0 0 0 2
0 0 0 0 0 2
0 0 0 0 0 4
0 0 0 0 0 6
0 1 0 0 0 0
0 0 2 0 0 2
0 0 0 0 0 0
0 0 0 0 0 0
0 2 0 0 0 0
0 0 0 0 0 1
0 0 0 0 0 0
0 0 0 0 0 2
1 1 0 1 0 0
2 0 0 0 0 0
1 0 0 0 0 2
0 0 0 0 0 2
0 1 0 0 0 0
0 0 0 1 0 2
2 3 0 1 0 0
0 0 0 0 0 5
0 0 0 0 0 2
0 0 0 2 0 1
0 0 0 0 0 0
0 0 0 0 0 3
0 1 0 0 0 2
0 1 0 0 0 0
0 0 0 0 0 0
1 0 0 0 0 0
0 0 0 3 2 2
0 0 0 1 0 2
2 2 0 2 0 6
0 0 0 0 0 0
1 0 0 0 0 0
0 0 1 0 0 12
0 0 0 0 0 5
1 0 0 0 0 0
0 0 0 0 0 0
1 1 0 0 0 0
0 0 0 0 0 2
0 0 0 2 1 6
0 0 0 0 0 3
0 0 0 0 0 1
33 0 1 0 1 11
0 0 1 1 1 4
4 0 0 1 0 0
11 0 0 0 0 0
0 0 0 0 0 2
0 0 0 0 0 0
1 5 0 1 0 0
0 3 0 0 0 4
1 0 0 0 0 1
21 0 0 0 0 8
10 0 0 0 0 4
0 0 0 0 0 1
0 0 1 0 1 5
0 0 0 0 0 5
2 0 0 0 0 0
0 0 0 0 0 2
2 5 0 1 0 0
1 0 0 0 0 3
5 1 0 0 0 4
0 0 0 0 0 0
0 0 0 0 0 4
0 0 0 0 0 4
0 0 0 0 0 2
2 0 0 1 0 1
0 0 0 0 0 1
5 6 0 2 0 0
160 1 10 1 5 13
0 0 5 0 0 3
9 0 0 0 0 3
0 0 0 1 0 8
0 0 0 0 0 4
0 0 0 0 0 2
0 1 0 0 0 0
0 1 0 0 0 0
0 1 0 1 0 0
0 1 0 0 0 0
60 0 0 0 0 4
56 0 2 0 3 8
0 0 0 0 0 4
20 0 0 0 0 2
0 0 0 0 0 0
0 0 0 0 0 0
0 0 0 0 0 9
16 0 2 0 0 4
0 0 0 1 0 2
4 0 0 0 0 2
0 0 0 0 0 0
1 1 0 0 0 1
0 0 0 0 0 0
0 0 0 3 0 3
0 0 0 2 1 0
22 0 0 0 0 9
77 0 16 1 8 10
0 0 0 0 0 0
1 0 0 0 0 5
1 0 1 0 1 4
0 1 0 0 1 4
7 4 11 1 5 15
0 0 6 0 0 10
0 0 1 0 0 2
0 0 0 0 0 0
5 1 1 1 1 5
0 0 0 2 0 2
0 1 0 1 0 2
1 0 0 2 0 0
5 0 0 0 0 0
2 3 0 1 0 2
0 0 0 0 0 6
0 0 0 1 1 3
3 1 0 0 0 4
12 0 0 3 0 1
43 0 2 3 1 15
0 0 0 0 0 6
0 0 0 0 0 4
0 0 0 0 0 3
0 0 0 0 0 4
0 0 0 1 2 7
68 1 1 2 1 9
0 0 0 0 2 5
1 6 6 0 0 1
0 0 0 0 0 2
1 0 0 0 0 0
4 0 0 0 0 1
0 0 0 0 0 9
1 0 1 0 0 8
0 0 1 0 0 10
0 0 2 0 0 2
0 0 0 0 0 8
0 0 0 0 0 4
0 0 0 2 0 7
0 0 0 0 0 2
0 0 0 0 0 10
0 0 2 0 1 8
3 0 0 0 0 2
6 11 0 12 0 3
0 0 0 0 0 2
17 18 0 1 1 0
0 0 0 0 0 0
0 0 0 0 0 0
0 0 0 0 0 1
7 0 0 0 0 4
0 0 0 0 0 0
0 0 0 0 0 0
0 0 0 0 0 1
0 0 0 0 0 0
7 1 0 1 0 6
11 1 0 0 0 11
0 0 1 0 0 10
1 0 0 0 0 0
1 0 0 0 0 0
9 0 0 1 0 2
4 0 0 0 0 2
2 3 0 2 0 2
1 0 0 0 0 0
3 0 0 0 0 1
0 1 0 0 0 0
0 0 0 1 0 2
0 0 0 0 0 6
0 0 21 5 2 6
0 0 0 0 0 3
0 0 0 1 1 0
0 0 0 0 0 3
0 0 0 0 0 4
0 0 0 0 0 6
0 0 0 0 0 2
0 10 0 1 0 2
12 0 0 0 0 0
8 0 1 1 0 2
1 0 0 0 0 4
0 0 0 0 0 5
1 1 20 0 3 17
0 0 1 0 0 2
0 4 0 0 0 2
2 0 1 0 1 0
0 0 0 0 0 7
0 0 0 0 0 4
0 0 0 0 0 8
0 0 2 0 1 0
0 0 0 0 0 4
0 0 0 0 0 6
0 0 0 0 0 0
0 0 0 0 0 6
0 0 0 0 0 0
0 0 0 0 0 1
2 0 0 0 0 1
0 1 0 0 0 2
1 0 0 0 0 0
0 0 0 0 0 4
0 0 0 0 0 2
1 0 0 1 0 3
0 0 2 0 0 1
0 0 0 0 0 6
1 0 1 0 0 6
0 0 0 0 0 0
0 0 0 0 0 4
1 0 0 0 0 0
0 0 0 0 0 0
0 2 2 1 0 16
0 0 0 0 0 6
0 0 0 0 0 6
0 0 3 1 0 7
0 0 0 0 0 17
0 0 0 0 0 8
0 0 0 0 0 0
6 0 0 0 0 1
1 0 0 0 0 14
0 0 0 0 0 2
0 0 0 0 0 0
1 0 0 0 0 0
0 0 1 1 0 0
7 0 0 1 0 5
0 0 2 0 1 14
33 0 3 1 5 14
1 7 0 1 0 0
0 0 0 1 0 3
0 0 0 0 0 2
0 0 0 0 0 0
0 0 0 0 1 2
0 0 0 0 0 2
0 0 0 0 0 0
17 0 0 0 0 4
0 0 0 0 0 0
10 0 0 0 0 6
0 0 0 0 0 0
0 0 0 0 0 2
0 0 0 0 0 0
0 0 0 0 0 4
1 0 0 0 0 4
0 0 0 0 0 0
7 6 0 3 0 0
0 0 0 0 0 0
2 0 0 1 0 0
63 0 0 1 0 4
41 1 9 4 9 43
44 0 3 0 1 7
2 0 0 0 1 0
10 0 0 0 0 3
0 0 0 0 0 4
0 0 0 0 0 0
0 0 1 0 0 4
0 0 0 1 0 4
9 0 2 0 0 6
0 0 0 0 0 8
0 0 0 0 0 6
0 0 0 0 0 0
0 0 0 0 0 4
0 0 0 0 0 9
0 0 0 1 0 10
7 1 5 6 8 2
9 0 0 3 0 0
8 0 1 2 0 12
25 0 1 7 0 8
0 0 2 0 0 12
11 0 1 0 0 4
3 0 2 0 3 7
11 0 0 0 0 0
0 0 0 0 3 2
2 0 0 1 0 0
0 0 0 0 0 6
10 0 0 0 0 4
23 0 0 0 1 6
0 0 0 0 0 0
0 0 0 0 0 4
0 0 0 0 0 4
0 0 0 0 0 10
0 0 0 0 0 2
2 0 0 0 0 0
17 0 0 7 1 0
0 0 0 0 0 7
56 0 1 1 1 6
3 1 5 0 1 11
0 1 0 0 0 6
0 0 0 0 0 2
1 1 1 0 1 8
0 0 0 2 0 0
3 0 0 0 3 11
2 0 0 0 0 0
9 1 0 0 0 0
2 0 0 1 0 4
1 0 0 3 0 0
0 1 2 0 0 6
0 0 0 0 2 4
0 0 0 0 0 0
2 1 0 0 0 0
0 0 0 0 0 2
1 0 0 0 0 0
0 0 0 0 0 0
15 1 0 0 0 0
0 0 1 2 1 4
100 1 0 2 1 7
0 0 0 0 0 1
0 0 0 2 0 0
0 0 4 0 3 11
0 0 2 1 1 10
3 0 4 0 1 8
5 0 0 0 0 2
2 0 0 0 0 4
6 0 0 1 0 9
27 0 1 0 0 14
0 0 0 0 0 6
0 0 0 0 0 0
0 0 2 0 0 4
0 0 0 0 0 0
1 0 0 0 0 0
2 0 0 0 0 4
12 0 1 3 2 11
127 4 2 1 0 2
11 0 0 0 0 4
6 0 0 0 0 2
0 0 0 0 0 0
0 0 0 0 3 2
5 0 0 0 0 0
1 0 0 0 0 6
0 0 0 0 0 6
0 0 0 0 0 0
0 0 0 0 0 11
0 0 0 0 0 0
1 0 0 0 0 6
1 0 1 0 0 0
0 0 0 0 0 0
7 0 0 0 0 0
2 0 2 0 0 13
9 0 1 0 0 0
58 0 0 1 0 0
2 0 0 2 0 0
37 0 0 0 0 0
13 0 1 0 1 4
7 0 2 0 0 4
22 0 1 2 0 6
4 1 0 0 0 0
0 0 0 0 0 0
0 2 0 0 0 0
0 0 0 0 0 0
0 0 1 0 0 4
0 0 0 0 0 0
2 0 0 0 0 4
2 0 0 1 0 2
48 0 0 4 0 4
24 6 5 1 3 13
32 0 1 8 1 14
1 0 0 0 0 6
0 0 0 0 0 11
19 0 0 1 0 5
9 1 0 18 0 0
2 1 0 0 0 0
13 0 0 2 0 0
1 0 0 0 0 0
0 0 0 0 0 1
6 0 0 0 0 6
1 1 0 0 0 1
2 0 0 0 0 4
0 0 0 0 0 0
31 0 0 0 0 0
14 2 0 0 0 15
107 3 2 2 4 5
4 0 0 0 2 4
20 0 0 0 0 2
16 0 0 2 0 7
115 3 10 5 10 12
27 0 2 1 6 12
1 0 0 0 0 4
0 0 0 0 0 12
1 0 1 0 0 6
1 0 0 3 0 4
1 0 1 0 0 5
4 0 26 1 2 2
1 0 0 0 0 2
0 0 0 0 0 2
0 0 0 0 0 2
0 0 0 0 0 1
1 0 0 0 0 0
0 0 0 0 0 0
15 2 0 0 0 4
74 3 0 1 1 11
0 0 0 0 0 3
12 2 0 1 2 8
0 2 1 0 1 3
82 0 0 1 0 10
109 0 0 0 0 8
3 1 0 1 0 2
0 0 0 0 0 8
0 0 0 0 0 4
0 0 16 0 2 8
1 0 0 0 0 0
0 0 0 3 1 0
1 0 0 0 0 4
0 0 0 0 0 0
0 1 0 0 0 0
152 1 0 3 2 2
43 2 5 4 13 16
65 13 10 2 25 15
0 0 0 2 0 0
21 1 0 0 0 8
6 0 0 0 1 10
55 0 0 0 0 12
3 0 0 0 0 6
3 0 0 0 0 0
0 1 4 1 1 10
0 0 0 0 0 0
1 0 0 0 0 3
1 0 0 0 0 1
73 1 0 0 0 7
0 0 0 0 0 1
0 0 0 0 0 0
1 0 0 0 0 4
2 0 0 0 2 5
0 8 3 6 1 0
0 0 0 0 0 0
54 0 0 1 0 0
2 1 0 0 0 6
0 0 0 0 0 2
14 1 1 0 2 0
43 2 3 0 2 0
157 2 0 2 0 14
14 2 0 1 0 7
15 2 1 2 1 9
0 0 0 0 0 3
0 0 0 0 0 0
12 1 2 0 2 3
9 0 1 0 1 4
2 1 0 1 0 0
0 0 0 0 0 0
1 0 0 0 0 1
0 0 0 0 0 1
0 0 0 0 0 0
0 0 0 0 0 0
10 1 2 1 3 12
1 0 0 2 0 0
1 0 11 3 1 6
2 0 2 3 0 1
45 0 15 6 6 1
407 6 0 8 1 1
308 27 46 10 17 6
203 9 8 5 4 8
39 1 5 0 4 22
18 4 0 0 0 11
78 0 0 0 0 2
7 0 1 2 0 5
118 0 1 0 2 6
86 0 1 1 0 7
55 0 0 0 0 5
39 1 0 0 0 0
2 0 0 0 0 5
0 0 0 0 0 1
11 0 0 0 0 3
0 0 0 0 0 0
1 0 0 0 0 0
517 0 1 1 1 9
236 1 0 0 0 0
0 0 0 0 0 0
0 0 0 1 0 2
0 0 0 0 0 0
0 0 0 2 0 2
37 0 0 1 1 0
6 2 3 1 5 10
8 0 4 1 1 4
312 5 6 5 0 2
191 11 11 3 3 4
49 1 5 0 0 0
22 1 0 0 0 2
23 0 0 0 1 4
1 0 0 0 0 7
1 0 0 0 1 3
0 0 1 0 0 6
0 0 0 0 0 0
23 1 0 0 0 0
63 0 0 0 0 4
1 0 0 0 0 1
0 1 0 0 0 4
0 0 0 0 0 2
22 5 0 1 0 0
136 0 2 3 0 6
0 0 1 0 0 4
3 0 1 2 2 3
0 0 1 0 0 4
3 0 2 1 2 4
7 0 0 0 1 4
35 1 0 0 0 2
208 8 5 0 1 4
78 1 0 7 0 0
119 2 3 2 2 3
4 6 2 1 1 3
0 0 0 0 0 10
1 0 2 0 1 4
1 0 0 0 0 0
23 0 0 0 0 2
0 0 0 0 0 7
2 1 0 0 0 0
13 0 0 2 0 5
44 0 12 3 9 4
288 0 22 9 8 10
1 5 15 1 6 19
20 0 8 0 3 11
2 2 3 0 2 4
3 2 0 1 0 1
76 1 8 3 4 8
79 1 4 4 2 2
7 0 0 0 0 2
87 2 3 4 0 1
59 5 1 11 0 8
45 0 0 2 0 0
0 0 0 0 0 0
0 0 1 0 0 2
0 0 0 0 0 0
0 0 1 0 0 0
0 0 0 0 0 2
1 0 0 0 0 3
11 0 2 6 0 0
21 1 5 3 2 2
5 6 0 5 3 4
38 0 3 1 3 6
138 0 5 2 3 5
41 1 1 4 1 14
26 5 5 1 2 2
37 1 2 1 0 9
15 1 29 2 7 3
1 0 0 0 0 0
197 10 6 14 1 4
26 11 0 2 1 0
6 1 0 0 0 3
1 0 0 0 0 2
0 0 0 0 0 2
0 0 0 0 0 0
0 0 0 0 0 1
2 0 0 0 0 0
1 0 0 0 0 0
76 9 0 1 1 2
5 1 0 3 0 0
15 2 0 2 0 6
70 3 6 0 3 17
47 0 3 0 1 3
3 0 1 0 1 5
32 0 2 0 2 11
0 0 0 0 1 7
2 1 1 1 0 1
0 1 0 0 0 0
46 15 0 2 0 0
1 0 0 0 0 0
14 0 1 0 0 3
2 0 0 0 0 3
30 0 0 0 0 1
0 0 0 0 0 4
14 10 3 3 6 5
264 18 26 9 15 12
136 3 1 3 3 3
1 0 3 4 2 3
106 20 15 1 4 16
1 2 1 1 1 0
8 0 0 0 0 1
0 7 0 1 0 0
47 7 0 16 2 2
0 0 0 0 0 3
2 2 0 0 0 0
30 1 0 0 0 0
0 0 0 0 1 3
0 0 0 0 0 3
13 0 0 0 0 5
0 0 0 0 0 3
0 0 0 0 0 0
0 0 0 0 0 2
1 0 0 1 0 1
33 4 1 5 2 2
155 6 18 0 10 11
131 9 42 3 14 15
60 6 58 3 30 10
15 4 25 1 12 10
95 8 7 3 2 1
13 2 3 1 1 7
7 0 0 0 0 2
9 8 0 1 0 0
0 0 2 0 0 8
0 0 1 0 0 3
24 1 2 1 0 3
6 8 0 1 0 2
59 0 0 0 0 1
0 0 0 0 0 0
13 0 0 0 0 2
0 0 0 0 0 0
0 0 0 0 0 3
216 25 71 14 36 9
193 24 118 12 111 66
165 2 1 2 0 2
21 4 1 0 2 1
115 11 21 2 32 25
37 0 0 1 2 3
0 0 0 0 0 0
5 2 0 2 0 3
12 1 9 3 3 10
0 0 0 0 0 1
0 0 0 0 0 2
0 0 1 0 0 1
0 0 0 0 0 1
0 0 0 0 0 3
66 17 220 8 65 17
305 37 139 8 133 41
148 54 19 5 18 13
225 5 1 5 16 18
210 1 1 1 1 6
141 3 4 0 4 6
0 1 1 1 0 3
0 0 0 1 0 3
0 0 2 0 0 2
6 0 0 0 0 8
113 3 2 0 0 2
71 0 0 0 0 3
72 0 5 1 0 7
70 0 0 0 0 2
1 1 0 0 0 0
288 8 9 3 1 15
5 21 24 4 38 10
263 7 60 4 25 13
146 7 65 4 42 12
229 12 10 6 13 11
11 0 0 0 0 0
124 3 10 2 7 6
1 0 0 0 0 3
2 0 1 0 0 10
10 0 0 0 0 0
0 0 0 0 0 0
0 0 0 0 1 1
150 0 0 0 1 7
39 0 10 0 1 5
71 0 0 0 0 10
0 0 0 1 0 1
31 8 10 6 7 3
127 12 60 8 39 16
172 2 24 7 8 10
327 2 8 7 5 9
117 0 0 1 1 3
93 0 3 1 1 4
10 0 6 0 4 9
11 0 0 0 0 1
0 0 0 0 0 0
38 0 2 9 0 0
131 0 0 3 0 2
30 0 0 0 0 0
1 0 1 0 1 4
25 1 90 1 21 4
43 2 0 0 0 2
54 4 4 0 14 6
29 10 6 3 2 2
85 4 5 7 7 2
107 9 44 14 11 14
29 2 3 0 0 3
277 9 10 6 4 6
25 5 0 1 0 0
0 0 1 0 1 0
0 0 0 0 0 1
88 2 3 3 1 2
3 0 0 0 0 0
6 2 2 1 1 0
0 0 2 0 0 4
1 1 6 3 3 0
68 0 16 0 1 6
0 0 1 1 1 4
0 1 0 0 0 3
0 0 1 0 0 1
29 6 3 4 4 0
84 10 1 7 1 1
14 0 2 0 0 2
0 0 0 0 0 0
25 0 1 2 0 0
27 0 0 1 1 2
113 0 1 0 1 5
11 0 0 2 0 2
7 2 0 1 0 0
89 1 1 0 1 3
7 0 3 1 2 6
0 0 1 0 0 3
1 0 0 0 0 4
4 1 6 0 0 3
0 0 1 0 0 0
49 3 7 2 3 14
26 0 0 1 1 4
196 0 1 0 1 6
0 0 0 0 0 4
0 0 0 1 0 3
6 0 0 0 2 4
14 0 4 0 0 2
0 0 0 0 0 2
0 2 0 0 0 6
0 0 0 0 0 0
0 0 0 0 0 0
1 0 0 0 1 0
1 1 4 0 2 8
32 6 4 0 0 0
2 1 0 2 0 0
5 2 0 0 1 0
93 1 7 4 3 18
1 0 0 0 0 2
0 1 0 0 0 7
15 0 0 0 0 3
0 0 0 0 0 1
21 0 0 0 1 7
2 2 0 1 0 5
0 0 0 0 0 0
0 0 0 0 0 2
0 0 0 0 0 6
1 1 0 0 1 1
1 0 0 1 0 0
1 0 0 0 0 5
60 5 3 1 1 1
10 0 1 0 0 1
8 1 0 0 0 7
81 0 7 1 5 7
51 0 0 2 0 2
0 0 1 1 2 6
23 0 1 1 0 5
9 0 1 0 0 5
7 1 2 0 0 8
2 2 0 0 0 0
1 1 1 0 2 3
29 0 0 0 0 4
0 0 0 0 0 2
2 3 0 1 0 2
2 0 5 2 5 5
6 2 7 3 4 2
9 9 0 3 0 0
121 2 0 1 0 0
5 0 0 0 3 2
0 0 0 0 1 3
2 0 0 1 1 2
16 1 3 1 3 9
6 0 0 0 0 6
11 0 0 11 0 4
113 0 8 0 1 6
29 0 0 0 1 4
0 0 0 1 0 3
1 0 2 1 0 6
8 0 0 0 0 1
0 0 0 0 0 5
0 0 0 1 0 2
7 0 0 7 0 0
25 0 0 3 0 8
5 5 1 1 0 0
3 0 5 1 3 4
6 9 4 2 2 6
30 3 4 6 1 9
25 0 1 2 0 2
7 0 0 0 0 0
28 0 0 0 1 0
0 0 0 0 0 0
0 0 0 0 0 0
31 4 2 0 1 0
0 0 0 0 0 2
1 0 1 1 2 13
61 13 3 4 0 0
33 4 16 1 17 11
0 0 0 0 0 2
0 0 0 0 0 7
0 1 5 0 1 7
0 0 0 0 0 0
0 0 0 0 0 2
2 1 0 0 0 4
2 0 1 1 0 5
2 0 0 0 0 8
14 0 0 1 0 9
0 0 0 0 0 4
102 8 2 3 3 0
7 4 7 4 2 9
2 1 0 2 0 6
0 0 0 0 0 0
64 0 1 1 0 5
42 0 1 1 1 3
0 0 0 1 0 1
10 0 2 0 1 0
0 1 0 0 0 3
105 2 1 0 2 13
0 1 5 1 0 8
2 0 0 0 0 2
0 0 0 0 0 3
0 0 0 0 0 0
0 0 0 0 0 1
0 0 1 0 0 0
5 0 0 1 0 0
1 0 1 3 1 0
2 0 2 2 0 4
0 0 0 0 0 3
4 1 0 0 3 5
5 1 11 0 3 8
0 2 1 0 0 7
6 0 1 0 0 6
113 9 0 0 1 9
0 0 1 0 0 1
0 0 0 0 0 10
1 0 0 0 0 0
17 0 0 0 0 4
25 0 0 1 1 3
0 0 0 0 0 0
127 0 4 0 3 9
81 0 0 0 0 11
11 0 0 0 0 1
0 0 0 0 0 4
0 0 0 0 0 1
0 0 0 0 0 0
0 0 0 1 0 0
1 0 0 0 0 1
5 4 0 1 0 0
2 0 0 0 0 0
1 0 0 2 0 0
8 2 1 0 1 2
4 1 0 2 1 0
0 0 0 1 0 1
0 0 0 0 0 2
0 1 2 0 1 4
0 0 0 0 0 0
147 0 1 3 0 7
0 0 1 0 0 2
4 0 0 0 0 0
0 0 0 0 0 4
0 0 0 0 0 2
1 0 1 0 0 2
0 0 0 0 0 4
1 1 1 0 0 2
0 0 5 0 1 5
45 0 0 0 0 2
0 0 0 0 0 7
1 1 0 2 0 0
0 0 0 0 0 2
1 0 0 0 0 0
3 0 0 0 0 5
0 0 1 0 0 0
10 0 7 0 0 11
29 1 15 0 6 3
1 4 3 1 3 14
2 0 0 1 0 9
1 1 0 3 0 3
1 0 0 0 0 2
0 0 1 0 0 0
0 0 0 0 0 0
26 0 3 0 2 8
0 0 1 0 1 8
0 0 0 0 0 0
0 0 0 0 0 2
0 0 0 0 1 1
0 0 1 0 0 2
0 0 0 1 1 3
0 1 8 0 6 15
2 0 0 1 0 7
0 0 0 0 0 2
0 0 0 0 0 1
1 0 0 1 0 1
2 0 0 0 0 0
3 3 0 0 0 0
6 1 3 2 1 3
8 0 5 1 3 11
2 0 0 0 0 1
16 1 0 4 0 2
2 0 0 0 0 7
0 1 0 0 0 3
0 0 0 0 0 2
0 0 0 0 0 0
0 0 10 0 1 0
0 0 0 0 0 2
0 0 0 0 0 2
0 0 0 0 0 1
0 0 0 0 0 0
0 0 0 0 0 3
0 0 1 0 0 3
1 2 0 1 0 0
0 0 0 0 0 1
2 0 0 2 0 6
0 0 0 0 0 0
6 3 0 1 0 0
2 0 0 1 0 2
2 0 0 1 0 4
1 0 0 0 0 6
1 0 1 0 1 6
0 0 2 0 1 3
0 0 0 0 0 4
0 0 0 0 0 4
3 0 0 0 0 3
0 3 0 0 0 1
7 0 0 0 0 2
0 1 0 0 0 8
0 0 0 0 0 0
29 0 0 0 0 2
0 0 0 0 0 0
0 0 0 0 0 1
0 0 0 1 0 6
0 0 1 0 1 2
0 0 0 0 0 2
0 0 0 0 0 0
6 1 0 2 0 3
1 0 0 0 0 0
1 0 0 0 0 2
10 0 0 0 0 4
18 0 0 0 0 2
7 0 6 1 4 18
0 0 0 0 0 6
0 0 0 0 0 3
0 8 0 0 0 0
4 3 4 0 0 8
0 0 0 0 0 2
0 0 0 0 0 5
0 0 0 0 0 3
0 1 0 3 1 2
0 0 0 0 0 4
0 0 0 0 0 0
0 0 0 0 0 0
0 0 0 1 0 0
0 0 0 0 0 0
129 3 0 2 0 6
77 2 4 12 6 11
38 0 0 2 0 0
1 1 2 1 0 0
1 0 0 1 0 0
1 0 0 0 0 0
1 0 0 0 0 0
0 0 1 0 0 0
1 8 0 4 0 0
0 0 1 0 0 4
0 0 0 0 0 2
0 0 0 0 0 1
1 1 0 2 0 0
0 0 0 0 0 0
0 0 0 0 0 0
0 0 0 0 0 0
0 0 0 0 0 1
0 0 0 0 0 1
0 0 0 0 0 0
11 3 0 2 1 0
250 2 0 2 0 2
14 0 0 0 0 5
1 0 0 1 0 3
20 0 1 1 0 8
0 0 0 0 0 0
0 0 0 0 0 0
2 0 0 0 0 0
0 0 0 0 0 2
1 3 0 1 0 0
0 0 1 0 0 6
0 0 0 0 0 7
0 0 0 0 0 3
12 7 0 8 0 0
44 3 0 1 0 0
220 2 3 4 1 11
13 0 0 5 1 0
7 3 1 1 3 2
6 0 0 0 0 2
0 0 0 0 0 0
0 0 0 0 0 3
0 0 0 0 0 2
2 0 0 0 0 0
0 0 0 0 1 0
0 0 0 0 0 0
1 0 0 2 0 3
0 0 0 0 0 2
0 0 0 0 0 2
30 2 0 1 0 1
174 5 3 2 3 8
8 0 0 0 0 0
1 1 0 0 0 4
0 0 0 0 0 3
0 0 0 0 0 0
0 0 0 0 0 0
9 4 0 0 0 0
6 6 0 5 0 0
0 0 0 0 0 1
142 5 0 1 0 1
1 0 0 0 0 2
6 3 0 0 0 2
2 6 0 0 0 0
4 0 0 0 0 0
0 0 0 0 0 2
76 6 1 4 2 7
2 2 2 0 3 6
1 0 2 0 0 1
0 0 0 0 0 0
2 0 0 0 0 0
0 0 0 0 0 0
0 0 0 0 0 2
0 0 0 0 0 0
1 0 0 0 0 0
0 0 0 0 0 1
5 0 0 0 0 2
0 0 0 0 0 0
0 0 0 0 0 2
0 0 0 0 0 2
2 0 0 0 0 3
0 0 0 0 0 0
0 0 0 0 0 3
0 0 0 0 0 1
0 1 0 1 1 0
0 0 0 0 0 0
0 0 0 0 0 0
0 0 0 0 0 0
0 0 0 0 0 0
0 0 0 0 0 0
0 0 0 0 0 0
0 0 0 0 0 0
0 0 0 0 0 0
0 0 0 0 0 0
0 0 0 0 0 0
0 0 0 0 0 0
0 0 0 0 0 2
0 0 0 1 0 0
1 2 0 0 0 1
5 10 0 1 0 0
0 0 0 0 0 0
0 0 0 0 0 4
0 0 0 0 0 4
0 0 0 0 0 2
0 0 0 0 0 0
0 0 0 0 0 4
0 0 0 0 0 0
0 0 0 0 0 0
0 2 0 0 0 0
0 0 0 0 0 0
0 0 0 0 0 0
1 5 0 1 0 4
0 0 0 0 0 2
0 0 0 0 0 2
0 0 0 0 0 1
0 0 0 0 0 0
0 0 0 1 0 0
0 0 0 1 0 2
2 32 0 10 3 6
0 0 0 0 0 2
0 0 1 0 0 1
0 0 0 0 0 0
1 5 0 5 0 0
2 1 0 1 0 0
3 0 0 0 0 2
0 0 0 0 0 0
0 0 0 0 0 0
0 0 0 0 0 0
0 0 0 0 0 2
0 0 0 0 0 0
0 0 0 0 0 0
2 0 0 0 0 3
0 0 1 0 0 5
0 0 0 0 0 0
0 0 0 0 0 0
0 1 0 1 0 4
3 0 0 2 0 0
3 0 0 0 0 0
2 0 2 2 1 4
5 0 0 3 1 14
9 0 1 0 0 1
0 0 0 0 0 0
0 0 0 0 0 0
2 1 1 1 0 4
0 0 0 1 0 0
0 0 0 0 0 0
0 0 0 0 0 1
0 0 0 0 0 5
1 0 0 0 0 0
8 1 2 1 0 11
1 0 0 0 0 4
3 0 0 0 2 0
0 0 0 0 0 0
5 11 0 3 0 0
3 3 0 0 0 0
2 0 0 1 0 4
56 0 1 0 3 8
5 0 0 0 0 0
3 0 0 0 0 5
3 1 0 0 0 2
3 0 0 0 0 0
0 0 0 0 0 2
19 0 0 1 0 4
4 0 0 0 1 4
1 0 0 0 0 0
1 0 0 0 0 0
0 0 0 0 0 0
0 0 0 0 0 7
0 0 0 0 0 0
0 0 0 0 0 6
0 0 0 0 0 0
1 1 0 1 0 1
2 0 0 0 0 0
86 0 0 1 0 8
29 0 4 2 1 2
38 0 0 0 0 4
0 0 0 1 0 0
0 0 0 2 0 3
0 0 0 0 1 6
0 0 0 0 0 0
0 0 0 0 0 0
0 1 0 0 0 2
0 3 0 1 0 0
0 0 0 0 0 2
11 0 0 1 0 2
99 0 0 1 0 10
24 0 0 0 0 2
0 0 0 0 0 5
0 0 0 0 0 0
0 0 0 0 0 0
0 0 0 0 0 0
0 0 0 0 0 0
0 0 0 0 0 0
0 0 5 0 0 2
0 0 0 0 0 0
5 0 1 4 0 2
0 0 0 1 0 2
2 4 0 2 1 0
0 0 0 0 0 0
0 0 0 0 0 0
0 0 0 1 0 7
0 0 0 0 0 0
0 0 0 0 0 0
0 0 0 0 0 0
1 0 0 0 0 4
5 0 17 6 6 7
0 0 2 0 0 5
3 0 0 0 0 8
0 0 2 1 1 18
0 0 0 0 0 0
1 0 0 0 0 0
25 0 23 1 10 9
0 0 2 2 0 9
22 0 0 0 0 11
0 0 0 1 0 0
17 4 0 2 0 10
0 1 0 0 0 4
5 1 0 0 0 0
1 0 0 0 0 4
0 0 0 0 0 8
11 0 7 0 3 11
42 1 0 5 0 6
0 0 5 0 1 7
0 0 0 1 0 0
0 0 0 0 0 4
0 0 0 0 0 4
0 0 0 1 0 0
0 0 2 1 3 10
0 1 0 8 0 4
0 0 0 0 0 4
0 0 0 0 0 10
0 0 0 0 0 0
1 0 0 0 0 9
0 0 0 0 0 8
0 0 0 1 0 8
0 0 0 0 0 4
0 0 0 0 0 12
0 0 0 2 0 3
0 0 0 0 0 0
1 2 0 0 0 2
0 0 1 0 0 2
4 0 0 0 0 4
0 1 0 0 0 2
0 0 0 0 0 2
7 0 0 0 0 4
4 0 0 0 0 0
2 0 0 0 0 0
0 0 0 7 0 2
1 0 0 0 0 0
3 0 1 0 1 9
0 0 0 0 0 2
0 0 0 0 0 0
0 0 0 0 0 11
4 14 0 1 0 0
2 1 0 1 0 3
0 0 0 0 0 2
0 0 0 0 0 4
0 0 0 0 0 4
2 0 0 0 0 8
4 0 0 0 0 5
0 0 0 0 0 5
0 0 0 0 0 0
13 11 0 2 1 1
5 1 0 0 0 4
13 0 0 1 0 2
0 0 0 1 0 4
0 0 3 0 0 6
0 0 9 4 3 6
0 0 0 0 0 2
4 1 0 0 0 1
1 0 0 0 0 0
0 0 0 0 1 2
0 0 0 0 0 2
1 0 0 0 0 0
6 1 0 0 0 8
6 0 0 0 0 0
0 1 0 0 0 6
2 2 0 2 0 2
0 0 0 0 0 0
2 0 0 3 0 2
0 0 1 1 0 10
0 0 0 0 1 16
0 0 0 1 0 3
0 0 0 0 0 7
0 0 0 0 0 0
0 3 0 0 0 0
0 0 0 0 0 4
0 0 0 0 0 0
0 0 0 0 0 6
9 3 0 0 1 6
0 0 0 0 0 6
0 1 0 0 0 4
1 0 0 0 0 4
0 0 0 0 0 2
3 0 0 0 0 2
0 0 0 0 0 4
0 0 0 0 0 2
0 0 0 0 0 1
3 0 0 0 0 0
2 2 0 0 0 2
0 0 5 0 1 16
17 1 0 0 0 4
0 6 0 2 0 0
0 0 0 1 0 0
0 0 0 1 0 0
1 0 0 0 0 2
0 1 1 0 0 2
0 0 0 0 0 0
0 0 0 0 0 4
1 0 0 0 0 6
0 0 0 0 0 8
0 0 0 0 0 0
0 0 0 0 0 6
0 0 0 0 0 0
0 0 0 0 0 0
36 2 0 0 0 2
2 0 0 0 0 0
1 0 0 0 0 0
1 0 0 0 0 0
89 0 2 2 0 5
30 0 5 5 4 3
16 0 2 4 1 8
0 0 0 0 0 1
0 0 0 0 0 0
0 0 0 0 0 12
0 0 0 0 0 6
6 1 0 1 0 5
0 0 0 0 0 10
0 0 0 0 0 0
0 0 0 0 0 4
0 0 0 0 0 0
0 0 0 0 0 0
0 1 0 0 0 4
0 0 0 0 0 0
3 0 0 0 0 0
0 0 0 0 0 4
14 3 0 1 0 0
9 0 0 5 0 4
17 0 5 2 2 16
43 0 1 2 0 10
1 0 0 0 0 14
60 0 8 1 1 9
12 0 1 0 0 5
0 0 0 0 0 6
0 0 2 0 0 0
0 0 0 0 0 2
0 0 7 2 2 13
27 0 7 0 2 8
0 0 0 0 0 0
0 0 0 0 0 0
0 0 0 0 0 0
0 0 0 0 0 0
0 0 0 0 0 4
1 0 0 0 0 3
12 4 1 1 2 4
0 0 0 0 0 0
5 1 0 2 2 0
18 1 0 20 0 0
14 0 0 0 0 6
3 0 0 0 0 1
3 0 0 0 0 10
1 0 0 1 0 0
2 0 0 0 0 10
0 0 1 2 2 8
1 0 1 0 0 11
1 0 0 0 0 6
1 0 0 0 0 4
7 0 0 2 0 8
0 0 0 0 0 0
0 0 0 0 0 9
0 1 0 0 0 3
1 0 0 0 0 0
1 0 0 0 0 0
0 0 0 0 0 0
1 0 0 7 0 3
2 0 0 0 0 2
22 1 3 0 0 7
0 1 0 0 0 1
1 0 0 0 0 6
0 0 1 0 0 12
33 1 0 0 0 12
0 0 0 0 1 10
9 0 1 1 3 9
0 0 0 0 0 8
18 0 0 0 0 4
0 0 0 1 0 2
0 0 1 0 0 6
0 0 1 0 0 6
1 1 0 0 0 3
0 0 0 0 0 0
0 0 0 0 0 0
2 0 0 5 4 3
27 1 2 0 2 13
15 0 0 0 0 2
0 0 0 0 0 2
0 0 0 0 0 2
0 0 0 0 0 4
2 0 0 0 0 4
0 0 0 0 0 6
1 0 0 0 0 2
0 0 0 0 0 11
0 0 0 0 0 8
0 0 0 0 0 12
0 0 0 0 0 0
0 0 0 0 0 0
2 0 0 0 0 0
0 0 0 0 0 0
2 0 0 0 0 0
13 0 0 1 1 4
10 0 0 0 0 0
78 0 7 3 2 11
0 0 0 2 0 7
1 0 0 0 0 0
0 0 8 2 1 2
1 0 0 0 0 4
24 0 2 0 0 12
1 0 0 4 0 2
0 1 0 0 0 0
0 0 0 0 0 0
0 0 0 0 0 3
0 0 0 0 0 0
0 2 0 0 1 2
1 0 0 0 0 2
0 0 0 1 0 2
0 0 0 0 0 0
4 0 0 0 0 0
24 0 0 0 0 7
38 3 2 0 2 9
23 0 4 2 3 11
20 0 0 1 0 6
2 0 0 0 0 6
0 0 0 0 0 6
3 0 0 0 0 0
4 0 0 0 0 0
6 0 0 0 0 6
0 0 0 0 0 0
12 1 0 0 0 3
0 0 0 0 0 2
0 0 0 0 0 0
6 1 0 0 0 0
26 0 0 1 0 28
93 11 82 15 42 30
12 0 0 1 0 6
14 0 0 0 1 4
31 0 1 0 1 13
1 0 0 1 0 6
49 0 2 1 0 7
8 0 0 1 0 1
0 0 0 0 0 0
1 0 0 1 0 4
0 0 1 0 1 4
1 0 4 0 3 5
5 0 4 0 1 10
0 0 0 0 0 2
0 0 1 0 0 3
0 0 0 0 0 2
0 0 0 0 0 1
135 4 1 9 0 2
14 1 2 7 6 9
0 1 0 0 0 0
25 0 0 0 0 10
96 4 81 2 33 46
1 0 5 1 2 18
10 0 3 0 1 8
0 0 0 0 0 0
0 0 0 0 0 4
0 0 0 0 1 10
0 0 1 0 0 9
4 1 0 2 0 0
7 0 0 0 0 0
0 0 0 0 0 2
0 0 0 0 0 1
0 0 0 0 0 0
44 0 0 0 0 0
2 5 0 0 1 0
1 0 1 2 1 6
12 1 1 0 0 8
140 0 1 0 0 11
92 0 0 1 0 4
6 0 0 0 0 0
25 1 5 0 3 8
15 0 0 0 0 3
1 0 0 0 0 2
4 1 7 1 0 4
11 0 0 0 0 0
0 0 0 0 0 2
0 0 0 0 0 2
6 3 0 1 1 0
6 6 0 6 5 6
6 1 1 1 1 4
0 1 0 0 0 4
6 0 0 0 0 6
4 0 0 0 0 4
66 2 1 0 0 10
0 0 0 0 0 7
0 0 0 0 0 2
2 0 0 0 0 1
1 0 0 0 0 7
0 0 0 0 0 0
0 0 0 0 0 2
90 0 0 0 0 3
0 0 0 0 0 4
23 0 0 0 0 2
9 0 0 0 0 2
0 0 0 0 0 1
0 0 0 0 0 0
30 1 0 2 0 4
0 1 0 0 0 1
8 3 2 9 1 2
6 4 0 0 0 12
35 0 6 5 5 2
94 0 19 0 2 2
124 4 2 3 1 4
206 4 1 0 0 5
21 0 1 0 0 11
15 0 0 0 0 2
58 0 0 0 0 5
45 0 0 0 0 0
114 1 3 1 3 11
4 0 0 0 0 2
1 0 0 0 0 1
0 0 0 0 0 1
0 0 0 0 0 0
51 8 0 3 0 0
320 0 1 6 0 3
11 0 0 0 0 0
0 2 0 0 0 4
0 0 1 3 0 0
15 1 0 3 0 0
7 5 1 1 1 0
1 0 1 0 0 2
5 0 6 11 3 1
159 1 2 11 2 2
336 8 1 1 0 0
212 14 30 5 15 25
41 2 3 0 3 12
26 0 4 1 0 8
1 1 3 1 0 2
3 0 4 0 6 5
59 0 0 0 0 3
82 1 1 4 0 2
0 0 0 0 0 0
1 0 0 0 0 0
0 0 0 0 0 2
0 0 0 0 0 2
0 0 0 0 0 0
0 0 0 0 0 0
170 3 1 0 1 5
70 2 0 12 1 0
2 0 0 0 0 0
0 0 1 0 0 0
33 0 1 2 1 4
14 0 3 1 3 6
0 0 0 3 1 6
131 6 0 7 1 2
483 3 10 3 1 0
69 3 1 3 0 0
23 2 3 0 0 6
1 0 0 0 0 0
0 0 1 0 0 7
1 3 0 2 1 5
0 0 0 0 0 0
45 1 0 0 0 1
0 0 0 0 0 3
0 0 0 0 0 3
3 3 0 0 0 5
0 0 1 0 0 1
1 0 0 0 0 0
14 3 0 0 1 0
96 5 4 5 1 10
69 1 0 0 0 0
7 4 0 1 0 4
12 2 7 0 6 8
1 0 5 0 3 4
0 0 2 0 7 9
93 0 0 3 1 10
177 3 9 4 7 9
93 3 1 2 0 1
1 2 0 0 0 0
26 0 5 0 4 5
0 0 6 6 1 3
3 1 0 0 0 0
0 1 0 0 0 1
0 0 0 0 0 0
5 0 0 0 0 0
0 0 0 0 0 0
1 0 0 0 0 1
25 4 3 2 4 1
48 0 6 3 3 3
80 2 4 0 1 0
3 10 1 0 1 4
66 0 0 1 2 0
8 0 2 1 7 10
28 0 0 0 1 4
39 0 0 5 0 2
241 0 18 2 10 3
2 0 1 2 0 2
4 0 0 0 0 1
146 18 6 14 3 5
2 1 0 0 0 0
11 0 1 0 0 2
0 0 1 0 0 2
0 0 0 0 0 1
0 0 0 0 0 0
0 0 0 0 0 0
0 0 0 0 0 0
33 5 0 0 1 1
18 1 1 4 0 6
94 3 3 1 2 12
61 1 6 1 0 9
36 1 3 0 2 9
34 1 6 0 5 12
54 1 7 0 1 2
30 0 3 1 1 1
26 3 0 1 0 6
0 0 0 0 0 0
0 0 3 0 0 4
8 1 0 0 0 2
0 0 0 0 0 0
0 0 0 0 0 0
107 19 9 2 2 6
70 1 5 3 5 5
48 3 0 1 1 1
17 2 0 1 0 2
48 2 18 2 7 17
0 2 1 1 0 1
17 1 0 2 0 0
16 2 0 0 1 6
7 0 0 0 0 6
0 2 0 1 0 0
0 0 0 2 0 0
5 3 0 2 0 0
10 18 0 3 0 0
36 0 0 0 0 6
0 0 1 0 0 1
1 1 0 0 0 3
0 0 0 0 0 2
385 36 17 3 13 2
92 4 11 1 9 4
156 2 33 1 14 4
225 5 18 0 11 7
16 1 22 0 9 10
9 9 2 2 2 2
180 1 2 1 1 10
2 6 0 8 1 2
0 2 1 0 0 6
0 0 0 0 0 1
0 0 0 0 0 0
55 18 1 4 1 5
9 0 0 0 0 4
7 0 0 0 0 0
3 0 0 0 0 5
0 0 0 0 0 2
0 0 0 0 0 0
2 0 1 0 0 4
115 1 1 1 3 4
48 11 99 9 49 13
59 9 77 5 15 8
290 7 15 1 15 12
131 1 2 3 3 17
19 3 14 1 17 9
36 4 0 0 1 0
20 1 1 0 1 2
0 1 3 1 3 10
0 0 3 0 2 16
0 0 1 0 1 1
53 14 0 9 1 4
24 13 0 1 0 2
0 0 0 0 0 2
4 0 1 0 0 2
0 0 0 1 0 0
0 0 1 0 0 0
292 13 72 4 17 6
52 36 373 7 128 8
257 12 16 1 23 47
41 19 2 2 4 0
131 10 7 1 6 6
195 7 10 1 10 7
6 0 1 1 1 2
1 0 13 1 3 0
0 0 0 0 0 4
0 0 0 2 0 2
0 0 0 0 0 1
21 4 0 0 0 4
44 34 0 2 0 2
2 0 0 0 0 0
0 0 0 0 1 4
1 1 0 0 0 0
278 6 67 5 14 7
110 23 123 6 68 7
281 20 48 4 28 12
103 11 58 5 37 18
199 3 19 3 21 9
219 2 6 2 3 6
166 7 7 3 3 5
60 2 2 1 2 11
3 0 1 0 0 7
4 0 0 1 0 0
0 0 1 0 0 2
52 0 0 0 0 5
55 5 0 0 0 0
136 1 2 0 0 6
405 24 0 2 2 0
0 2 3 0 14 1
151 7 42 2 14 0
160 10 56 7 31 11
303 4 30 4 17 7
163 4 1 3 2 2
92 1 3 9 2 3
106 2 3 1 2 5
14 0 3 1 1 5
20 0 0 0 0 2
25 0 0 0 1 2
0 0 0 0 0 4
26 0 0 0 0 0
102 18 0 6 1 2
77 0 0 2 0 5
75 0 1 0 0 8
75 1 0 0 1 7
21 1 0 0 1 4
51 7 4 4 5 7
187 2 1 0 0 4
113 1 4 20 10 7
429 3 24 10 7 5
79 1 0 0 0 7
30 0 0 1 0 0
23 0 1 1 1 7
0 0 0 0 0 4
1 0 0 1 0 0
0 0 0 0 0 2
23 0 6 0 3 7
3 0 11 1 1 7
8 2 26 9 21 6
0 0 0 0 0 3
7 0 1 0 1 4
14 2 16 0 30 25
140 34 1 9 10 3
239 33 32 8 25 10
0 1 6 4 1 2
76 16 7 0 4 3
40 7 0 2 0 2
2 2 1 1 0 0
0 0 1 0 0 4
3 0 0 0 0 0
34 0 0 0 0 5
26 0 1 0 0 8
2 0 0 0 0 0
0 0 0 0 0 6
0 0 1 0 0 1
0 0 2 0 0 5
0 0 0 0 0 0
39 3 2 9 4 0
2 1 6 4 0 1
26 0 0 1 0 0
0 4 1 2 0 1
119 2 3 6 1 2
4 0 0 0 0 2
35 0 0 2 0 2
2 0 4 2 3 5
0 0 0 2 0 1
15 0 2 0 1 4
48 0 0 0 0 3
0 0 0 0 0 2
0 1 1 5 1 6
1 3 0 1 1 0
11 0 2 2 1 2
0 3 0 2 2 0
2 3 0 0 0 4
42 0 1 1 1 8
8 0 0 0 0 5
1 0 0 1 0 2
0 1 0 0 0 2
37 0 8 1 2 5
0 0 0 0 0 4
0 0 2 0 1 3
0 0 0 0 0 6
0 0 0 0 0 2
0 0 0 0 0 0
39 10 0 8 3 2
1 0 0 0 0 3
5 11 0 2 0 5
325 2 9 1 5 4
1 1 6 1 1 0
24 4 5 0 2 7
105 1 12 0 4 17
9 0 0 0 0 4
0 0 0 0 0 0
75 0 2 1 2 8
43 2 0 0 0 3
0 0 0 0 0 0
0 0 0 0 0 0
0 0 0 0 0 3
12 0 0 0 0 2
0 0 0 0 0 3
4 2 1 1 0 2
2 1 0 2 0 2
2 2 1 2 1 6
0 0 0 0 3 5
0 1 2 0 0 1
0 0 0 0 0 0
142 0 2 0 0 6
20 1 0 0 0 2
6 1 0 3 0 1
9 0 3 1 0 3
150 1 0 0 1 2
0 0 0 0 0 5
0 0 0 0 3 4
0 0 0 0 0 4
40 0 1 0 1 3
0 0 0 0 0 3
3 4 0 1 0 4
2 0 4 0 2 3
17 3 28 6 12 26
6 9 5 5 1 5
222 0 0 1 0 3
6 0 3 1 2 3
6 0 0 0 1 4
0 1 0 0 0 4
11 0 0 0 0 6
24 0 2 0 5 4
0 0 1 0 1 3
250 0 26 2 16 5
0 1 1 2 2 4
0 0 4 1 4 4
0 0 0 0 0 1
0 0 0 0 0 0
0 0 0 0 0 0
0 0 0 0 0 3
19 3 0 20 1 3
4 2 0 3 0 3
4 0 0 0 0 4
0 0 0 0 0 2
53 8 4 0 4 7
0 11 10 0 4 4
25 1 1 1 1 1
5 1 0 0 0 0
4 2 0 0 0 1
56 0 1 0 0 7
0 1 8 0 3 4
0 0 0 2 0 0
4 0 0 0 0 9
8 0 3 1 1 3
0 0 0 0 0 0
53 11 44 14 27 12
0 0 1 0 1 6
0 0 0 0 2 2
0 0 0 0 0 2
0 0 0 0 0 6
0 0 0 0 0 0
0 0 0 0 0 4
5 0 0 0 1 0
0 0 0 0 0 2
0 0 0 3 1 5
1 0 0 1 0 10
3 1 1 0 1 5
0 0 0 5 0 1
1 6 7 1 7 3
0 0 0 0 0 0
30 0 0 0 0 12
44 1 4 0 0 5
0 0 7 1 0 2
1 0 1 0 0 2
6 0 0 0 0 0
48 0 0 0 0 3
50 1 0 1 0 8
0 0 0 1 0 0
25 0 0 0 0 4
25 0 0 0 0 2
27 0 0 0 0 2
0 0 0 0 0 0
0 0 1 0 0 6
1 0 0 1 0 0
1 0 0 2 0 2
1 0 0 4 0 0
0 0 0 0 0 5
12 0 0 0 0 9
0 0 15 0 2 3
0 6 0 0 0 4
8 0 2 0 1 6
100 4 0 1 0 4
23 0 0 2 0 1
50 0 8 0 1 5
0 0 1 0 0 0
0 2 1 4 0 6
1 0 0 0 0 2
0 0 0 0 1 2
0 0 1 1 0 3
16 0 3 1 5 5
120 0 1 2 1 6
0 0 0 0 0 2
0 0 0 0 0 5
0 0 0 0 0 4
5 0 0 0 0 0
1 0 0 0 0 6
0 0 0 0 0 0
23 0 0 1 0 2
1 1 3 1 1 42
0 0 13 1 5 13
1 0 1 1 0 7
1 0 0 1 0 5
3 0 0 1 1 4
5 0 5 1 1 4
0 0 1 0 0 5
1 0 0 0 0 4
0 0 0 0 0 3
0 0 0 0 0 0
1 0 1 1 0 7
0 1 1 0 0 5
0 1 1 0 0 5
83 0 0 0 0 3
9 2 10 2 7 1
0 0 0 0 0 0
0 0 0 1 0 5
1 1 0 1 0 0
1 1 0 1 1 2
1 0 0 0 0 0
0 0 0 1 0 3
110 3 137 4 35 9
20 1 0 3 0 4
1 1 0 1 0 7
5 5 29 2 26 16
1 1 0 0 0 2
0 0 0 0 0 2
0 0 0 0 1 6
4 0 0 0 1 0
0 0 9 1 0 10
0 2 0 0 0 2
0 0 2 1 0 4
0 0 1 0 0 0
0 0 0 0 0 5
0 1 0 0 0 0
0 0 0 0 0 6
0 1 1 0 0 9
0 0 0 1 0 3
0 0 0 0 0 0
14 3 0 1 0 0
2 0 0 0 0 0
2 0 0 1 0 0
3 1 1 2 0 9
12 0 0 0 1 6
0 0 0 0 0 0
0 1 0 0 1 4
0 1 0 0 0 0
0 0 0 0 0 0
0 0 0 0 0 3
0 0 0 0 0 3
0 0 0 0 0 4
10 0 0 0 0 0
0 0 0 0 0 0
0 0 1 0 3 4
22 0 0 0 0 3
0 1 1 1 0 2
0 0 0 0 0 0
0 1 3 0 2 4
0 0 1 1 0 2
0 0 0 0 0 7
0 0 0 0 0 0
6 4 0 1 0 0
1 0 1 4 3 3
0 0 0 0 1 7
1 0 0 0 0 2
5 1 0 1 1 4
0 0 1 0 0 2
0 0 0 1 1 1
0 0 0 2 0 0
3 12 1 0 0 7
0 7 9 0 8 8
0 0 0 0 0 1
1 0 1 1 1 6
0 0 0 0 0 3
20 0 0 0 0 1
0 0 0 2 0 1
0 0 0 0 0 0
0 0 1 0 0 3
4 1 0 0 0 2
0 0 0 0 0 3
76 0 0 0 1 4
38 0 2 0 3 4
0 0 1 0 0 0
1 0 1 1 0 5
0 1 1 0 0 3
0 0 0 0 0 0
1 1 0 0 0 2
12 7 0 2 0 0
0 1 0 0 1 5
0 0 0 0 0 2
0 0 0 0 0 3
0 0 2 0 0 0
0 1 0 1 0 4
0 0 0 0 0 0
0 0 0 0 0 0
0 0 0 1 0 4
0 0 0 0 0 4
0 0 0 0 0 1
203 0 1 2 1 8
481 2 0 2 0 0
2 3 0 1 0 3
11 1 0 1 0 4
0 0 0 2 0 4
0 0 0 0 0 0
8 7 0 1 0 0
10 1 0 0 1 0
0 0 0 0 0 1
0 0 0 0 0 2
0 3 0 0 0 0
1 1 0 0 0 4
0 0 0 0 0 1
0 0 2 1 0 6
0 0 0 0 0 3
0 0 0 0 0 3
143 1 1 3 1 7
18 0 2 1 0 7
1 1 0 1 1 7
3 0 0 3 0 2
2 0 0 0 0 0
1 0 0 0 0 0
1 4 0 0 0 0
3 2 0 1 0 0
0 1 0 0 0 0
0 0 0 0 0 0
0 0 1 0 0 0
2 0 0 1 0 2
0 0 0 1 0 4
8 2 0 0 0 0
197 1 4 0 2 16
44 1 31 1 12 13
0 0 0 0 0 8
1 0 0 0 0 1
0 0 0 0 0 1
1 0 0 0 0 0
9 4 0 0 0 0
1 0 0 0 0 1
0 0 0 0 0 5
62 3 1 1 1 5
40 0 0 1 0 3
22 2 0 6 0 0
0 0 0 0 0 0
2 0 0 0 0 2
0 0 0 0 0 2
3 5 0 1 0 0
26 34 0 0 0 1
18 0 0 0 0 3
0 0 0 0 0 1
0 1 1 0 0 1
13 0 0 0 0 0
0 0 0 0 0 0
2 1 0 0 0 0
0 0 1 0 0 1
0 1 0 0 0 0
1 0 0 0 0 1
0 0 1 0 0 4
0 1 0 0 0 0
2 2 0 2 0 1
0 0 0 1 0 0
0 0 0 0 0 1
1 0 0 2 0 0
0 1 0 0 0 3
15 1 0 0 0 0
1 0 0 0 0 5
1 0 0 0 0 1
0 0 0 0 0 0
2 0 0 0 0 0
0 0 0 0 0 1
2 0 0 0 0 0
0 0 0 0 0 0
0 0 0 0 0 0
0 0 0 0 0 1